   10.0898    25.0520     2.6628
   10.0576    25.0959     2.6623
    9.9994    25.1133     2.6603
    9.9411    25.0942     2.6649
    9.9066    25.0569     2.6602
    9.8910    24.9972     2.6591
    9.9035    24.9458     2.6638
    9.9421    24.9023     2.6626
    9.9960    24.8870     2.6645
   10.0518    24.9040     2.6604
   10.0881    24.9432     2.6593
   10.1117    25.0011     2.6585
   10.1529    25.0887     2.6902
   10.0872    25.1553     2.6884
   10.0006    25.1788     2.6929
    9.9092    25.1553     2.6909
    9.8489    25.0870     2.6934
    9.8188    25.0007     2.6925
    9.8442    24.9087     2.6902
    9.9119    24.8455     2.6920
    9.9972    24.8197     2.6972
   10.0870    24.8515     2.6924
   10.1524    24.9091     2.6873
   10.1760    24.9965     2.6916
   10.2053    25.1161     2.7363
   10.1215    25.1996     2.7366
    9.9997    25.2372     2.7385
    9.8777    25.2031     2.7386
    9.7957    25.1186     2.7345
    9.7629    24.9999     2.7361
    9.7880    24.8787     2.7319
    9.8782    24.7902     2.7363
   10.0014    24.7622     2.7370
   10.1185    24.7941     2.7329
   10.2092    24.8789     2.7382
   10.2386    24.9997     2.7312
   10.2449    25.1413     2.7953
   10.1451    25.2502     2.7942
    9.9987    25.2832     2.7886
    9.8615    25.2495     2.7928
    9.7550    25.1452     2.7923
    9.7101    25.0009     2.7915
    9.7483    24.8539     2.7903
    9.8533    24.7510     2.7937
   10.0003    24.7093     2.7898
   10.1455    24.7497     2.7931
   10.2488    24.8546     2.7923
   10.2882    24.9989     2.7920
   10.2841    25.1633     2.8579
   10.1597    25.2795     2.8561
   10.0020    25.3253     2.8520
    9.8358    25.2772     2.8596
    9.7172    25.1651     2.8555
    9.6752    25.0004     2.8569
    9.7168    24.8365     2.8544
    9.8358    24.7175     2.8575
    9.9987    24.6778     2.8526
   10.1654    24.7176     2.8534
   10.2821    24.8409     2.8527
   10.3213    24.9977     2.8549
   10.3003    25.1687     2.9208
   10.1760    25.3006     2.9263
    9.9987    25.3505     2.9260
    9.8290    25.3011     2.9260
    9.6967    25.1790     2.9288
    9.6491    25.0027     2.9233
    9.7056    24.8240     2.9223
    9.8285    24.6950     2.9290
   10.0025    24.6512     2.9294
   10.1715    24.7028     2.9230
   10.3014    24.8287     2.9220
   10.3498    24.9986     2.9198
   10.3050    25.1755     3.0004
   10.1772    25.3086     2.9999
    9.9968    25.3573     2.9991
    9.8235    25.3093     2.9973
    9.6917    25.1753     2.9953
    9.6408    24.9965     3.0009
    9.6905    24.8249     3.0012
    9.8152    24.6922     3.0015
   10.0041    24.6429     2.9998
   10.1755    24.6947     3.0019
   10.3045    24.8232     2.9987
   10.3576    25.0018     2.9940
   10.3042    25.1765     3.0728
   10.1816    25.3014     3.0747
    9.9964    25.3457     3.0739
    9.8240    25.3078     3.0745
    9.7000    25.1761     3.0765
    9.6544    24.9993     3.0726
    9.6970    24.8248     3.0738
    9.8246    24.6966     3.0740
    9.9988    24.6527     3.0779
   10.1754    24.7009     3.0726
   10.3035    24.8263     3.0753
   10.3492    24.9971     3.0688
   10.2837    25.1627     3.1495
   10.1658    25.2843     3.1472
    9.9959    25.3267     3.1453
    9.8374    25.2849     3.1450
    9.7197    25.1592     3.1438
    9.6769    24.9998     3.1451
    9.7183    24.8409     3.1497
    9.8393    24.7219     3.1454
   10.0000    24.6746     3.1503
   10.1636    24.7166     3.1447
   10.2856    24.8378     3.1459
   10.3281    25.0010     3.1442
   10.2473    25.1439     3.2101
   10.1426    25.2472     3.2114
   10.0022    25.2862     3.2065
    9.8589    25.2517     3.2092
    9.7479    25.1424     3.2110
    9.7135    24.9970     3.2039
    9.7481    24.8578     3.2118
    9.8583    24.7506     3.2094
   10.0010    24.7135     3.2049
   10.1472    24.7529     3.2078
   10.2481    24.8571     3.2091
   10.2860    25.0013     3.2092
   10.2097    25.1230     3.2684
   10.1228    25.2095     3.2671
    9.9994    25.2389     3.2636
    9.8781    25.2041     3.2626
    9.7925    25.1182     3.2659
    9.7636    24.9983     3.2622
    9.7915    24.8779     3.2622
    9.8851    24.7912     3.2649
   10.0014    24.7618     3.2627
   10.1167    24.7931     3.2643
   10.2054    24.8797     3.2701
   10.2380    24.9966     3.2610
   10.1577    25.0880     3.3110
   10.0854    25.1498     3.3110
   10.0007    25.1768     3.3097
    9.9118    25.1542     3.3080
    9.8464    25.0915     3.3059
    9.8231    25.0022     3.3085
    9.8499    24.9051     3.3064
    9.9111    24.8456     3.3056
    9.9998    24.8295     3.3119
   10.0868    24.8461     3.3107
   10.1537    24.9086     3.3088
   10.1751    24.9972     3.3083
   10.0917    25.0572     3.3376
   10.0586    25.0951     3.3331
    9.9988    25.1067     3.3396
    9.9463    25.0973     3.3390
    9.9020    25.0504     3.3423
    9.8877    25.0015     3.3391
    9.9048    24.9441     3.3405
    9.9444    24.9044     3.3386
    9.9989    24.8922     3.3433
   10.0568    24.9049     3.3407
   10.0920    24.9453     3.3349
   10.1087    24.9973     3.3399